Webots Project File version R2025a
perspectives: 000000ff00000000fd000000020000000100000181000003c7fc0200000001fb0000001400540065007800740045006400690074006f007203000005ff0000002c00000181000003c700000003000007800000013cfc0100000001fb0000001a0043006f006e0073006f006c00650041006c006c0041006c006c02fffffffb000002ee0000077e0000013c00000780000003c700000001000000020000000100000008fc00000000
simulationViewPerspectives: 000000ff00000001000000020000011000000c320100000002010000000100
sceneTreePerspectives: 000000ff00000001000000030000002200000707000000fa0100000002010000000200
maximizedDockId: -1
centralWidgetVisible: 1
orthographicViewHeight: 1
textFiles: 0 "controllers/pathfinder/path_finder.py"
renderingDevicePerspectives: rosbot:camera depth;0;0.895833;0;0
renderingDevicePerspectives: rosbot:camera rgb;0;0.895833;0;0
